	1	5
3	1.154685 	1.154305 
4	1.496250 	1.481250 
5	1.763678 	1.715037 
6	1.972817 	1.887145 
7	2.139106 	2.019969 
8	2.274365 	2.126645 
9	2.386810 	2.215004 
10	2.482083 	2.289954 
11	2.564121 	2.354730 
12	2.635733 	2.411560 
13	2.698972 	2.462033 
14	2.755372 	2.507321 
15	2.806105 	2.548308 
16	2.852080 	2.585676 
17	2.894014 	2.619964 
18	2.932482 	2.651599 
19	2.967951 	2.680931 
20	3.000804 	2.708246 
21	3.031358 	2.733780 
22	3.059879 	2.757735 
23	3.086592 	2.780277 
24	3.111687 	2.801551 
25	3.135328 	2.821681 
26	3.157656 	2.840774 
27	3.178795 	2.858923 
28	3.198851 	2.876209 
29	3.217918 	2.892705 
30	3.236078 	2.908473 
31	3.253406 	2.923571 
32	3.269966 	2.938048 
33	3.285816 	2.951949 
34	3.301008 	2.965315 
35	3.315590 	2.978183 
36	3.329603 	2.990585 
37	3.343086 	3.002552 
38	3.356073 	3.014109 
39	3.368596 	3.025284 
40	3.380683 	3.036097 
41	3.392362 	3.046571 
42	3.403655 	3.056723 
43	3.414586 	3.066572 
44	3.425173 	3.076135 
45	3.435437 	3.085425 
46	3.445394 	3.094456 
47	3.455061 	3.103243 
48	3.464452 	3.111796 
49	3.473582 	3.120128 
50	3.482462 	3.128247 
51	3.491105 	3.136165 
52	3.499522 	3.143890 
53	3.507724 	3.151430 
54	3.515720 	3.158794 
55	3.523519 	3.165989 
56	3.531131 	3.173022 
57	3.538562 	3.179900 
58	3.545821 	3.186628 
59	3.552914 	3.193214 
60	3.559849 	3.199662 
61	3.566631 	3.205977 
62	3.573267 	3.212165 
63	3.579762 	3.218230 
64	3.586122 	3.224177 
65	3.592351 	3.230010 
66	3.598455 	3.235733 
67	3.604437 	3.241349 
68	3.610303 	3.246863 
69	3.616056 	3.252277 
70	3.621700 	3.257596 
71	3.627239 	3.262821 
72	3.632677 	3.267957 
73	3.638016 	3.273006 
74	3.643260 	3.277970 
75	3.648412 	3.282852 
76	3.653475 	3.287656 
77	3.658452 	3.292382 
78	3.663345 	3.297033 
79	3.668156 	3.301613 
80	3.672890 	3.306121 
81	3.677546 	3.310562 
82	3.682129 	3.314935 
83	3.686639 	3.319245 
84	3.691080 	3.323491 
85	3.695452 	3.327676 
86	3.699758 	3.331801 
87	3.704000 	3.335869 
88	3.708180 	3.339880 
89	3.712298 	3.343836 
90	3.716358 	3.347738 
91	3.720359 	3.351588 
92	3.724305 	3.355387 
93	3.728195 	3.359136 
94	3.732032 	3.362836 
95	3.735817 	3.366490 
96	3.739551 	3.370097 
97	3.743236 	3.373658 
98	3.746872 	3.377176 
99	3.750461 	3.380651 
100	3.754004 	3.384083 
101	3.757502 	3.387474 
102	3.760956 	3.390825 
103	3.764368 	3.394137 
104	3.767737 	3.397410 
105	3.771065 	3.400645 
106	3.774353 	3.403844 
107	3.777602 	3.407006 
108	3.780812 	3.410133 
109	3.783985 	3.413225 
110	3.787121 	3.416284 
111	3.790222 	3.419309 
112	3.793287 	3.422302 
113	3.796317 	3.425263 
114	3.799314 	3.428193 
115	3.802278 	3.431092 
116	3.805209 	3.433961 
117	3.808109 	3.436800 
118	3.810977 	3.439611 
119	3.813815 	3.442394 
120	3.816623 	3.445148 
121	3.819402 	3.447875 
122	3.822152 	3.450576 
123	3.824874 	3.453250 
124	3.827568 	3.455899 
125	3.830236 	3.458522 
126	3.832876 	3.461120 
127	3.835490 	3.463694 
128	3.838079 	3.466243 
129	3.840642 	3.468769 
130	3.843181 	3.471272 
131	3.845695 	3.473752 
132	3.848185 	3.476210 
133	3.850652 	3.478646 
134	3.853096 	3.481060 
135	3.855517 	3.483453 
136	3.857916 	3.485824 
137	3.860293 	3.488176 
138	3.862649 	3.490507 
139	3.864983 	3.492818 
140	3.867297 	3.495109 
141	3.869590 	3.497381 
142	3.871863 	3.499634 
143	3.874116 	3.501868 
144	3.876350 	3.504084 
145	3.878564 	3.506282 
146	3.880760 	3.508462 
147	3.882937 	3.510625 
148	3.885096 	3.512770 
149	3.887237 	3.514898 
150	3.889360 	3.517009 
151	3.891465 	3.519104 
152	3.893554 	3.521183 
153	3.895625 	3.523245 
154	3.897680 	3.525291 
155	3.899719 	3.527322 
156	3.901741 	3.529338 
157	3.903748 	3.531338 
158	3.905738 	3.533324 
159	3.907714 	3.535295 
160	3.909674 	3.537251 
161	3.911619 	3.539193 
162	3.913549 	3.541121 
163	3.915465 	3.543035 
164	3.917366 	3.544935 
165	3.919253 	3.546821 
166	3.921126 	3.548694 
167	3.922985 	3.550554 
168	3.924831 	3.552401 
169	3.926663 	3.554236 
170	3.928482 	3.556057 
171	3.930288 	3.557866 
172	3.932081 	3.559663 
173	3.933861 	3.561447 
174	3.935629 	3.563219 
175	3.937384 	3.564980 
176	3.939127 	3.566728 
177	3.940858 	3.568466 
178	3.942578 	3.570191 
179	3.944285 	3.571906 
180	3.945981 	3.573609 
181	3.947665 	3.575301 
182	3.949338 	3.576983 
183	3.951000 	3.578653 
184	3.952651 	3.580313 
185	3.954291 	3.581963 
186	3.955920 	3.583602 
187	3.957539 	3.585230 
188	3.959147 	3.586849 
189	3.960745 	3.588458 
190	3.962332 	3.590057 
191	3.963910 	3.591646 
192	3.965477 	3.593225 
193	3.967035 	3.594795 
194	3.968582 	3.596355 
195	3.970121 	3.597906 
196	3.971649 	3.599448 
197	3.973168 	3.600981 
198	3.974678 	3.602505 
199	3.976179 	3.604019 
200	3.977670 	3.605525 
201	3.979153 	3.607023 
202	3.980626 	3.608511 
203	3.982091 	3.609991 
204	3.983547 	3.611463 
205	3.984995 	3.612926 
206	3.986434 	3.614381 
207	3.987865 	3.615828 
208	3.989287 	3.617266 
209	3.990701 	3.618697 
210	3.992107 	3.620120 
211	3.993505 	3.621535 
212	3.994895 	3.622942 
213	3.996277 	3.624342 
214	3.997651	3.625734 
215	3.999018	3.627118 
216	4.000376 	3.628495 
217	4.001728 	3.629865 
218	4.003072 	3.631227 
219	4.004408 	3.632582 
220	4.005737 	3.633930 